0
0.0
0.02776666666666667
0.16006666666666666
0.1862
0.21396666666666667
0.24173333333333333
0.2695
0.2972666666666667
0.3234
0.3511666666666667
0.37893333333333334
0.4067
0.43446666666666667
0.46223333333333333
0.49
0.5161333333333333
0.5422666666666667
0.5700333333333334
0.5978000000000001
0.6255666666666668
0.6533333333333335
0.6811000000000003
0.708866666666667
0.7350000000000003
0.762766666666667
0.7905333333333338
0.8183000000000005
0.8460666666666672
0.8738333333333339
0.9016000000000006
0.9293666666666673
0.9571333333333341
0.9849000000000008
1.0143000000000009
1.0404333333333342
1.0665666666666676
1.0943333333333343
1.122100000000001
1.1482333333333343
1.176000000000001
1.2037666666666678
1.2315333333333345
1.2593000000000012
1.287066666666668
1.3148333333333346
1.3426000000000013
1.370366666666668
1.3981333333333348
1.4259000000000015
1.4536666666666682
1.481433333333335
1.5092000000000017
1.5369666666666684
1.564733333333335
1.5925000000000018
1.6202666666666685
1.6480333333333352
1.675800000000002
1.7035666666666687
1.7313333333333354
1.759100000000002
1.7852333333333354
1.8130000000000022
1.8407666666666689
1.8685333333333356
1.894666666666669
1.9224333333333357
1.9502000000000024
1.977966666666669
2.005733333333336
2.0335000000000023
2.061266666666669
2.0890333333333353
2.116800000000002
2.1462000000000017
2.173966666666668
2.2017333333333347
2.229500000000001
2.2572666666666676
2.285033333333334
2.3128000000000006
2.340566666666667
2.3683333333333336
2.3961
2.4238666666666666
2.451633333333333
2.4777666666666662
2.5038999999999993
2.531666666666666
2.5594333333333323
2.587199999999999
2.6149666666666653
2.642733333333332
2.6704999999999983
2.698266666666665
2.724399999999998
2.7521666666666644
2.779933333333331
2.8076999999999974
2.835466666666664
2.8632333333333304
2.890999999999997
2.9187666666666634
2.94653333333333
2.9742999999999964
3.002066666666663
3.028199999999996
3.0559666666666625
3.083733333333329
3.109866666666662
3.1376333333333286
3.1637666666666617
3.1915333333333282
3.2192999999999947
3.247066666666661
3.2748333333333277
3.302599999999994
3.3303666666666607
3.358133333333327
3.3858999999999937
3.41366666666666
3.4414333333333267
3.46756666666666
3.493699999999993
3.5214666666666594
3.549233333333326
3.5769999999999924
3.604766666666659
3.6325333333333254
3.6586666666666585
3.6847999999999916
3.712566666666658
3.7403333333333246
3.768099999999991
3.7958666666666576
3.823633333333324
3.8513999999999906
3.879166666666657
3.9052999999999902
3.9330666666666567
3.960833333333323
3.9885999999999897
4.016366666666657
4.044133333333323
4.07189999999999
4.099666666666656
4.127433333333323
4.155199999999989
4.182966666666656
4.210733333333322
4.238499999999989
4.266266666666655
4.294033333333322
4.321799999999988
4.349566666666655
4.377333333333321
4.405099999999988
4.432866666666654
4.460633333333321
0.0294
0.0588
0.0882
0.11596666666666666
0.1421
0.16986666666666667
0.19926666666666668
0.22703333333333334
0.2548
0.2825666666666667
0.31033333333333335
0.3381
0.36423333333333335
0.392
0.4197666666666667
0.44753333333333334
0.4753
0.5030666666666667
0.5308333333333334
0.5586000000000001
0.5847333333333334
0.6125000000000002
0.6402666666666669
0.6680333333333336
0.6958000000000003
0.7219333333333336
0.7497000000000004
0.7774666666666671
0.8036000000000004
0.8330000000000004
0.8607666666666671
0.8885333333333338
0.9163000000000006
0.9440666666666673
0.971833333333334
0.9996000000000007
1.0273666666666674
1.0551333333333341
1.0829000000000009
1.1106666666666676
1.1384333333333343
1.166200000000001
1.1939666666666677
1.2217333333333344
1.2495000000000012
1.2772666666666679
1.3050333333333346
1.3328000000000013
1.3589333333333347
1.3867000000000014
1.414466666666668
1.4406000000000014
1.4667333333333348
1.4928666666666681
1.5206333333333348
1.5484000000000016
1.5761666666666683
1.603933333333335
1.6317000000000017
1.657833333333335
1.6856000000000018
1.711733333333335
1.7395000000000018
1.7672666666666685
1.7950333333333353
1.822800000000002
1.8505666666666687
1.8783333333333354
1.9061000000000021
1.9338666666666688
1.9616333333333356
1.9894000000000023
2.0155333333333356
2.043300000000002
2.0710666666666686
2.098833333333335
2.1266000000000016
2.154366666666668
2.1821333333333346
2.209900000000001
2.2376666666666676
2.265433333333334
0.026133333333333335
0.0539
0.08166666666666667
0.1078
0.13556666666666667
0.16333333333333333
0.1911
0.21886666666666665
0.24826666666666666
0.27603333333333335
0.3021666666666667
0.32993333333333336
0.3577
0.3854666666666667
0.41323333333333334
0.441
0.46876666666666666
0.4965333333333333
0.5243
0.5520666666666667
0.5798333333333334
0.6076000000000001
0.6353666666666669
0.6631333333333336
0.6909000000000003
0.718666666666667
0.7464333333333337
0.7725666666666671
0.801966666666667
0.8297333333333338
0.8575000000000005
0.8852666666666672
0.9146666666666672
0.9424333333333339
0.9702000000000006
0.9979666666666673
1.025733333333334
1.0518666666666674
1.079633333333334
1.1074000000000008
1.1335333333333342
1.1613000000000009
1.1890666666666676
1.2168333333333343
1.244600000000001
1.2707333333333344
1.2968666666666677
1.323000000000001
1.3507666666666678
1.3785333333333345
1.4063000000000012
1.434066666666668
1.4618333333333347
1.4896000000000014
1.517366666666668
1.5435000000000014
1.5712666666666681
1.5990333333333349
1.6268000000000016
1.6545666666666683
1.682333333333335
1.7084666666666684
1.736233333333335
1.7623666666666684
1.7901333333333351
1.8162666666666685
1.8424000000000018
0.02776666666666667
0.0539
0.08003333333333335
0.1078
0.13556666666666667
0.16333333333333333
0.18946666666666667
0.21723333333333333
0.245
0.27113333333333334
0.2989
0.32503333333333334
0.3544333333333333
0.3822
0.40996666666666665
0.4377333333333333
0.46549999999999997
0.49326666666666663
0.5210333333333333
0.5488000000000001
0.5765666666666668
0.6043333333333335
0.6304666666666668
0.6582333333333336
0.6860000000000003
0.713766666666667
0.7415333333333337
0.7693000000000004
0.7970666666666671
0.8248333333333339
0.8526000000000006
0.8803666666666673
0.908133333333334
0.9359000000000007
0.9620333333333341
0.9898000000000008
1.0175666666666674
1.0453333333333341
1.0731000000000008
1.1008666666666675
1.1286333333333343
1.156400000000001
1.1841666666666677
1.2119333333333344
1.2397000000000011
1.2674666666666679
1.2936000000000012
1.3197333333333345
1.3475000000000013
1.375266666666668
1.4030333333333347
1.4308000000000014
1.4569333333333347
1.4847000000000015
1.5108333333333348
1.5386000000000015
1.5663666666666682
1.5957666666666683
1.623533333333335
1.6513000000000018
1.6790666666666685
1.7068333333333352
1.734600000000002
1.7623666666666686
1.788500000000002
1.817900000000002
1.8456666666666688
1.8734333333333355
1.9012000000000022
1.928966666666669
1.9567333333333357
1.9845000000000024
2.012266666666669
2.0400333333333354
2.067800000000002
2.0955666666666684
2.123333333333335
2.1511000000000013
2.178866666666668
2.2066333333333343
2.234400000000001
2.2621666666666673
2.289933333333334
2.3177000000000003
2.345466666666667
2.3732333333333333
2.401
2.4287666666666663
2.456533333333333
2.4842999999999993
2.5104333333333324
2.538199999999999
2.5659666666666654
2.593733333333332
2.6214999999999984
2.649266666666665
2.6770333333333314
2.704799999999998
2.7325666666666644
2.7586999999999975
2.7848333333333306
2.812599999999997
2.8403666666666636
2.86813333333333
2.8958999999999966
2.923666666666663
2.9514333333333296
2.979199999999996
3.0069666666666626
3.034733333333329
3.0624999999999956
3.090266666666662
3.1180333333333285
3.145799999999995
3.1735666666666615
3.1996999999999947
3.227466666666661
3.2552333333333276
3.282999999999994
3.3107666666666606
3.338533333333327
3.3662999999999936
3.39406666666666
3.4218333333333266
3.449599999999993
3.4773666666666596
3.505133333333326
3.5328999999999926
3.560666666666659
